#k	TruePositives	FalsePositives	TrueNegatives	FalseNegatives	Precision	Recall	Accuracy	F-measure	HammingLoss
65	578	255	4365	187	0.741764132553606	0.774738028916302	0.609881947207853	0.702851837113676	0.0820798514391829
65	586	260	4370	169	0.742450980392157	0.794236636158642	0.619027722509616	0.710974046071539	0.0796657381615599
65	610	245	4357	173	0.764342572850035	0.78488526329752	0.620506698501127	0.711848256973606	0.0776230269266481
65	593	243	4381	168	0.763294232649071	0.788765088207985	0.619405756731662	0.716567183976655	0.0763231197771588
65	602	237	4389	157	0.770486111111111	0.800603528319406	0.637743732590529	0.724452845204935	0.0731662024141133
65	581	236	4382	186	0.761045364891518	0.768238493168855	0.60997479771853	0.703764867135341	0.0783658310120706
65	595	236	4386	168	0.765655105973025	0.79363974001857	0.631940575673166	0.727406375735067	0.0750232126276695
65	579	266	4367	173	0.735270498732037	0.772416766149357	0.597877702613079	0.694396612363186	0.0815227483751161
65	591	237	4387	170	0.764842209072978	0.785581642127603	0.623046823186099	0.715844446485116	0.0755803156917363
65	584	238	4383	180	0.766420845624385	0.778916301896803	0.62102400848919	0.712674094707521	0.0776230269266481
66	589	248	4443	180	0.752248289345063	0.774725274725275	0.609347200418629	0.704321472178615	0.0783882783882784
66	614	249	4439	158	0.753709055876685	0.797291993720565	0.630625327053898	0.720395081109367	0.0745421245421245
66	598	253	4416	193	0.750589970501475	0.769498953427525	0.600176609105181	0.695663265306122	0.0816849816849817
66	607	259	4433	161	0.758211856171039	0.80187728937729	0.624862637362637	0.717972701901274	0.0769230769230769
66	590	235	4460	175	0.765592765296029	0.778976975405547	0.622808738880167	0.708486751343894	0.0750915750915751
66	591	257	4441	171	0.746135265700483	0.786505756148613	0.613154107796965	0.707852266780839	0.0783882783882784
66	583	270	4406	201	0.727648202137998	0.7574568288854	0.591346153846154	0.683893685679401	0.0862637362637363
66	590	253	4449	168	0.748750520616409	0.795329670329671	0.626661433804291	0.712609810824097	0.0771062271062271
66	594	249	4445	172	0.746003898635477	0.784635007849293	0.610779696493982	0.706185847119914	0.0771062271062271
66	602	248	4435	175	0.765937803692906	0.785681580324437	0.618190737833595	0.714019314019314	0.0774725274725275
67	602	239	4527	182	0.761509073543457	0.773262548262548	0.617541827541828	0.707141657141657	0.0758558558558559
67	610	265	4499	176	0.750383141762452	0.785720720720721	0.611981981981982	0.707885027885028	0.0794594594594595
67	594	246	4518	192	0.757703488372093	0.762065637065637	0.599543114543114	0.694165594165594	0.0789189189189189
67	596	250	4520	184	0.757492795389049	0.774453024453025	0.617117117117117	0.707653367653368	0.0781981981981982
67	619	248	4502	181	0.757558685446009	0.785135135135135	0.624504504504504	0.71980265980266	0.0772972972972973
67	588	248	4528	186	0.763314176245211	0.768217503217503	0.607316602316602	0.704045639045639	0.0781981981981982
67	615	241	4526	168	0.771794871794872	0.788783783783784	0.632387387387387	0.722556842556843	0.0736936936936937
67	624	257	4502	167	0.756928838951311	0.80518018018018	0.633204633204633	0.730276705276705	0.0763963963963964
67	619	245	4508	178	0.771101364522417	0.782110682110682	0.619092664092664	0.710163020163021	0.0762162162162162
67	597	246	4520	187	0.763081395348837	0.772651222651223	0.607516087516087	0.701274131274132	0.078018018018018
68	609	274	4586	171	0.736884809789838	0.79543439716312	0.617122593718338	0.710333003285131	0.0789007092198582
68	614	257	4589	180	0.766336166194523	0.788760131712259	0.622277102330293	0.716124360273297	0.0774822695035461
68	617	268	4576	179	0.749643846458251	0.792774822695035	0.619205927051672	0.714237934051764	0.0792553191489362
68	616	240	4602	182	0.767466931216931	0.784479483282675	0.632807750759878	0.723641429492494	0.074822695035461
68	618	272	4561	189	0.741120607787274	0.777830547112462	0.600088652482269	0.695860773387369	0.0817375886524823
68	615	260	4584	181	0.759776536312849	0.786474164133739	0.622289766970618	0.716041877744006	0.0781914893617021
68	625	252	4599	164	0.759116980125383	0.805762411347518	0.638000253292806	0.728382226520525	0.0737588652482269
68	610	269	4587	174	0.74766573295985	0.788095238095238	0.618724670719352	0.712021016808251	0.0785460992907801
68	607	259	4583	191	0.760734349919743	0.777387284701115	0.618756332320162	0.711684857695496	0.0797872340425532
68	600	245	4607	188	0.761924882629108	0.777925531914894	0.615868794326241	0.709768659236745	0.0767730496453901
69	611	287	4630	187	0.725855038147856	0.770122484689414	0.595825521809774	0.692423295572902	0.0829396325459318
69	620	267	4646	182	0.756517690875233	0.787370328708912	0.614360704911886	0.709484988618847	0.0785651793525809
69	624	263	4637	191	0.763355757815592	0.781714785651794	0.61628546431696	0.71085565061943	0.0794400699912511
69	619	270	4644	182	0.743379629629629	0.782808398950131	0.605686789151356	0.702197641961421	0.079090113735783
69	625	248	4654	188	0.762408807534156	0.77527809023872	0.618997625296838	0.710518192801658	0.0762904636920385
69	632	277	4624	182	0.748050139275766	0.778933883264592	0.612360954880639	0.704941209271919	0.0803149606299213
69	628	266	4635	186	0.752545382794001	0.782277215348081	0.612210973628297	0.708216397192775	0.079090113735783
69	617	280	4620	198	0.72223544973545	0.768278965129359	0.598956380452444	0.68966454950707	0.0836395450568679
69	621	260	4653	181	0.746574074074074	0.786214223222097	0.615485564304461	0.707993697757478	0.0771653543307087
69	623	265	4639	188	0.751117318435754	0.77352830896138	0.609967504061992	0.701578969295505	0.0792650918635171
70	629	248	4738	190	0.767091836734694	0.780829334317706	0.628522209917558	0.717093974070719	0.0754521963824289
70	623	246	4738	198	0.764675925925926	0.76937984496124	0.612273901808785	0.704786514088841	0.0764857881136951
70	632	273	4702	198	0.754512659058114	0.764550264550265	0.603759074689307	0.698530338452819	0.0811369509043928
70	631	269	4711	194	0.763566195709052	0.776055124892334	0.611080349452442	0.705587062951405	0.0797588285960379
70	629	290	4693	193	0.738337257980115	0.774824658545589	0.600596776178171	0.695621375466337	0.0832041343669251
70	635	276	4699	195	0.73619953416149	0.775101513473607	0.606466100652147	0.701093810008539	0.0811369509043928
70	641	278	4707	179	0.742162162162162	0.794050695213486	0.618469299864648	0.713701242771011	0.0787252368647717
70	629	242	4738	196	0.770289855072464	0.778116156023133	0.628165374677002	0.720322083887976	0.0754521963824289
70	663	276	4698	168	0.75566037735849	0.811714039621017	0.63931955211025	0.730673475247119	0.0764857881136951
70	627	256	4728	194	0.757733229531595	0.775753660637381	0.613578196136336	0.710517131447365	0.0775193798449612
71	652	298	4752	178	0.735423925667828	0.795493197278912	0.605199222546161	0.703092330005596	0.080952380952381
71	641	286	4757	196	0.748410535876476	0.776573129251701	0.60875850340136	0.701386864269518	0.0819727891156463
71	639	288	4764	189	0.734417344173442	0.779883381924199	0.602629980563654	0.698540249433107	0.0811224489795918
71	620	271	4795	194	0.748124679979519	0.779306365403304	0.61324101068999	0.706070545101158	0.0790816326530612
71	638	282	4769	191	0.744919786096256	0.779336734693878	0.610756802721088	0.707272432782638	0.0804421768707483
71	637	261	4771	211	0.757481134530315	0.758928571428572	0.602994412050535	0.696874723915541	0.0802721088435374
71	637	271	4773	199	0.756501831501831	0.776330174927114	0.608600583090379	0.700318601466561	0.0799319727891157
71	623	274	4783	200	0.747311616954474	0.772236394557823	0.606644800777454	0.69897830344259	0.0806122448979592
71	632	263	4791	194	0.752355072463768	0.775206511175899	0.616666666666667	0.703498542274053	0.0777210884353741
71	651	277	4764	188	0.761840757808499	0.788174198250729	0.618203352769679	0.714169022587391	0.0790816326530612
72	641	288	4848	193	0.741422222222222	0.772942091409428	0.60536013400335	0.698533250668929	0.080569514237856
72	640	241	4883	206	0.776523297491039	0.76980138789184	0.621643933955492	0.710524846454495	0.0748743718592965
72	653	246	4886	185	0.772960992907801	0.784876764776263	0.627925340990667	0.720400523541227	0.0721943048576214
72	647	305	4820	198	0.730331541218638	0.775664034458004	0.59359296482412	0.688868947914174	0.0842546063651591
72	634	271	4864	201	0.75242563513341	0.775454654223499	0.60875807609476	0.701396593356393	0.0790619765494137
72	627	254	4890	199	0.763746031746032	0.768670734625509	0.61558387173965	0.706018911295294	0.0758793969849246
72	660	284	4840	186	0.753787878787879	0.787179947355827	0.613059344340751	0.707376166547022	0.0787269681742044
72	627	265	4863	215	0.752700972862263	0.762688442211055	0.604199569274946	0.696546948305743	0.0804020100502513
72	643	274	4852	201	0.751209473150963	0.773151471643934	0.613579803780809	0.705119573335654	0.0795644891122278
72	639	270	4851	210	0.758288770053476	0.766600861450108	0.608399138549893	0.702755996097706	0.0804020100502513
73	652	291	4903	199	0.74671052631579	0.77782701169798	0.600531726338178	0.698296506361023	0.0810587262200165
73	653	274	4926	192	0.749968671679198	0.780721966205837	0.616093583835519	0.707232194328969	0.0770885028949545
73	658	299	4893	195	0.737151606049243	0.779274488951908	0.602989483634645	0.699067241002725	0.0817204301075269
73	647	284	4901	213	0.757953529937444	0.756469337114498	0.594275079758951	0.690279406284369	0.0822167080231596
73	663	323	4866	193	0.722465635738832	0.78394777265745	0.59829847571783	0.700066958131475	0.0853598014888338
73	655	284	4912	194	0.74341412657608	0.794458229942101	0.625197920359211	0.718573720186624	0.0790736145574855
73	653	266	4915	211	0.767644110275689	0.769762495568947	0.613529481271416	0.708094772610902	0.0789081885856079
73	659	278	4908	200	0.750090334236676	0.773277797471346	0.605730828311473	0.693396746622554	0.0790736145574855
73	646	281	4917	201	0.746212121212121	0.770447831738154	0.594517310646343	0.691754454533611	0.0797353184449959
73	649	256	4942	198	0.76231310466139	0.778299657331915	0.621599905470873	0.710948370625791	0.0751033912324235
74	666	297	4969	203	0.748388278388278	0.775992548608686	0.611235300966352	0.703592509093732	0.0814995925020375
74	661	306	4967	201	0.733116883116883	0.783735009896379	0.599464431249272	0.696720611635038	0.082640586797066
74	665	285	4978	207	0.754079828217759	0.778030038421236	0.604977296542089	0.698525951093189	0.0801955990220049
74	667	290	4976	202	0.744041482572411	0.77334381185237	0.603184305507044	0.698820901999387	0.0801955990220049
74	659	270	4998	208	0.763656550703183	0.77415880777739	0.620462219117475	0.710554902853192	0.0779136104319478
74	677	307	4949	202	0.747345517841601	0.776138083595296	0.602136453603446	0.697184532392357	0.0829665851670742
74	665	295	4974	201	0.746146293568974	0.778233787402491	0.608807777389684	0.703986423790825	0.0808475957620212
74	680	306	4951	198	0.73768221574344	0.786383746652695	0.611415764349749	0.707551060729545	0.0821515892420538
74	660	274	4998	203	0.759307359307359	0.775707300034928	0.612347188264059	0.705776768735205	0.0777506112469438
74	664	278	4991	202	0.759266917293233	0.778321108394458	0.611380835952963	0.704126137377972	0.078239608801956
75	654	275	5051	230	0.768598853153827	0.75865539452496	0.600293305728088	0.695095015022552	0.0813204508856683
75	662	290	5060	198	0.756304664723032	0.783327582240626	0.616758684149988	0.710622965333111	0.0785829307568438
75	642	296	5035	237	0.736131110269041	0.74120082815735	0.576719576719577	0.669794188634769	0.085829307568438
75	677	278	5044	211	0.768186292604897	0.782206119162641	0.619858523119392	0.712271611909294	0.078743961352657
75	681	294	5034	201	0.751721611721612	0.77890499194847	0.609190246146768	0.70483736606925	0.0797101449275362
75	671	327	5005	207	0.720716112531969	0.776805843110191	0.588929146537842	0.688946399815966	0.0859903381642512
75	682	296	5031	201	0.756347181729835	0.782119852772027	0.615102369450196	0.708571742267395	0.0800322061191626
75	668	289	5042	211	0.744299214531173	0.768633540372671	0.606285944329422	0.698171849621126	0.0805152979066023
75	671	305	5021	213	0.740193602693602	0.779221302047389	0.607211870255348	0.705998389694042	0.0834138486312399
75	661	264	5072	213	0.76882951653944	0.772946859903382	0.614251207729468	0.71054366996396	0.0768115942028986
76	675	304	5102	219	0.739029535864979	0.764597505668934	0.591462585034013	0.689710884353742	0.083015873015873
76	662	275	5143	220	0.760799319727891	0.762222222222222	0.612579365079365	0.70108843537415	0.0785714285714286
76	682	319	5087	212	0.741103397880891	0.77281746031746	0.59874149659864	0.692355184498043	0.0842857142857143
76	678	306	5114	202	0.739664364473524	0.781462585034014	0.605799319727891	0.697432659932661	0.0806349206349206
76	691	283	5123	203	0.764285714285714	0.778628117913832	0.61828231292517	0.712393981679696	0.0771428571428571
76	654	288	5133	225	0.75046768707483	0.763605442176871	0.597137188208617	0.693231292517007	0.0814285714285714
76	670	307	5101	222	0.740378006872852	0.764399092970522	0.592335600907029	0.686725245653818	0.083968253968254
76	691	282	5124	203	0.763185425685426	0.782057823129251	0.620328798185941	0.712375970590257	0.076984126984127
76	658	289	5127	226	0.747529313232831	0.759285714285714	0.595079365079365	0.693008314436887	0.0817460317460317
76	673	291	5113	223	0.74572758037225	0.763605442176871	0.598922902494331	0.694622071050643	0.0815873015873016
77	679	322	5153	221	0.731291666666666	0.767686274509804	0.588549019607843	0.688082166199814	0.0851764705882353
77	681	307	5171	216	0.735938792390405	0.774033613445378	0.604190476190476	0.699482726423903	0.0820392156862745
77	666	293	5190	226	0.741164154103852	0.757288515406162	0.592151260504202	0.68680112044818	0.0814117647058824
77	694	318	5145	218	0.735737859500236	0.777759103641457	0.6033837535014	0.698620660385367	0.084078431372549
77	664	300	5182	229	0.754678571428571	0.760425770308123	0.598173669467787	0.694936253289196	0.0829803921568627
77	670	288	5193	224	0.746207018787664	0.761624649859944	0.599282913165266	0.695623605153018	0.0803137254901961
77	683	280	5196	216	0.763935399596248	0.776190476190476	0.612240896358543	0.70817434852729	0.0778039215686274
77	679	291	5193	212	0.751824212271973	0.78344537815126	0.614700280112045	0.7074360410831	0.0789019607843137
77	702	303	5145	225	0.746425602660017	0.768464985994398	0.597170868347339	0.695886087768441	0.0828235294117647
77	675	288	5196	216	0.763040850858109	0.770588235294118	0.60867787114846	0.7010819115525	0.0790588235294118
78	671	287	5263	244	0.753429776974081	0.744238205723125	0.591619710529223	0.680363797069134	0.0821345707656612
78	683	324	5232	226	0.732840722495895	0.769914926527456	0.590835266821346	0.689255330902664	0.0850734725444702
78	688	320	5233	224	0.727734877734878	0.771958899569108	0.593586344050381	0.692876226634928	0.0841453982985305
78	708	323	5223	211	0.739645214521452	0.785299966854492	0.605910949066401	0.700071815269032	0.0825986078886311
78	706	307	5231	221	0.744663382594417	0.774997237874268	0.601878245497735	0.698821634668503	0.0816705336426914
78	691	303	5247	224	0.742129955430448	0.769500607667661	0.604314440393326	0.698176494812226	0.0815158546017015
78	677	274	5284	230	0.761875	0.756490995470114	0.607032372113579	0.695409347033478	0.0779582366589327
78	690	283	5264	228	0.764137645107794	0.764804993923323	0.608778035576179	0.70064265458697	0.0790409899458623
78	702	312	5228	223	0.742886683209264	0.767263285824771	0.598779140426472	0.693579120029236	0.082753286929621
78	692	322	5233	218	0.735153019023987	0.772345597171584	0.592879239862998	0.688920192980518	0.0835266821345708
79	700	318	5299	223	0.736716171617162	0.769528178243775	0.595866098733071	0.688825178389399	0.0827217125382263
79	706	305	5313	216	0.758385093167702	0.786544342507645	0.616065967671472	0.712245819929306	0.0796636085626911
79	677	292	5328	243	0.746071133167908	0.747815640017475	0.58987003058104	0.682224770642203	0.0818042813455657
79	699	319	5308	214	0.74095701540957	0.776758409785933	0.606121668851027	0.700899228192807	0.0814984709480122
79	715	312	5297	216	0.744902912621359	0.779849279161206	0.612800349497597	0.705324377457406	0.0807339449541284
79	709	313	5302	216	0.744782913165266	0.785392092616863	0.600698995194408	0.700583157922608	0.0808868501529052
79	705	295	5327	213	0.747035256410256	0.782110091743119	0.617354740061162	0.710770715013834	0.0776758409785933
79	684	297	5325	234	0.747078189300411	0.763144386194845	0.598197903014417	0.692429372360565	0.0811926605504587
79	703	320	5298	219	0.734967320261438	0.769986893840105	0.597280471821756	0.692611402359109	0.0824159021406728
79	692	320	5301	227	0.735158150851582	0.76605504587156	0.593195718654434	0.689225644386195	0.0836391437308869
80	719	328	5357	226	0.734808612440191	0.771978021978022	0.593923723335488	0.693056453350572	0.0835595776772247
80	704	333	5355	238	0.720264164059784	0.756706528765352	0.576718379659556	0.674752208575739	0.0861236802413273
80	704	307	5383	236	0.750171703296703	0.762820512820513	0.598464770523594	0.695113056877764	0.0819004524886878
80	712	337	5359	222	0.723277243589743	0.774165050635639	0.588682396035337	0.688633915104505	0.0843137254901961
80	708	317	5373	232	0.743954248366013	0.760100193923724	0.592684766214178	0.68691912662501	0.0828054298642534
80	711	310	5391	218	0.745483613109512	0.773297780650722	0.608667313079077	0.700387847446672	0.0796380090497738
80	710	312	5391	217	0.737875101378751	0.773674854557208	0.601427494074553	0.694070961718022	0.079788838612368
80	713	307	5385	225	0.755032206119163	0.773486317603965	0.606862745098039	0.701523476523477	0.0802413273001508
80	694	311	5385	240	0.743646864686469	0.756571859513036	0.592469295410472	0.684152775329247	0.0831070889894419
80	701	325	5371	233	0.736568386568386	0.753689937513467	0.584308338720103	0.677709545356605	0.0841628959276018
81	719	328	5414	244	0.733053557154277	0.753089378928305	0.586832853946948	0.681282624906786	0.0853094705443699
81	731	347	5408	219	0.730303543218235	0.784036433365292	0.599451368914456	0.697209551571968	0.0844146159582401
81	722	355	5402	226	0.722867298578199	0.772105038883562	0.589187173750932	0.687067220624268	0.0866517524235645
81	698	306	5467	234	0.743895582329317	0.761292212634494	0.598151699158411	0.690687475586805	0.0805369127516778
81	707	317	5449	232	0.744819277108434	0.761089805049536	0.595541706615532	0.689206840884694	0.0818791946308725
81	716	323	5432	234	0.743953858392999	0.766139341642698	0.593698732289336	0.691005291005292	0.0830723340790455
81	710	331	5418	246	0.733104395604396	0.755385107062959	0.584409289442846	0.679028515605697	0.086055182699478
81	728	295	5453	229	0.76468253968254	0.773521891978268	0.619686800894855	0.709967685806613	0.0781506338553318
81	713	319	5428	245	0.740207833733014	0.755512943432406	0.591157984446575	0.684769716984483	0.0841163310961969
81	708	304	5454	239	0.74965086996337	0.758762117822521	0.592217961009907	0.686316827591996	0.0809843400447427
82	745	348	5473	229	0.732630757220921	0.772364133291286	0.596131609376643	0.692419145730405	0.0849153789551141
82	737	311	5512	235	0.754846335697399	0.769972668979292	0.614532744665195	0.70235992851887	0.0803532008830022
82	726	347	5486	236	0.725631911532385	0.764716703458426	0.586497424576895	0.681516521251621	0.0857983811626196
82	710	322	5491	272	0.731088112204502	0.735335856196783	0.574902764637864	0.670691756122221	0.0874172185430464
82	722	334	5507	232	0.7376280535855	0.767029328287607	0.597456112687901	0.690283471740425	0.0832965415746873
82	707	332	5504	252	0.73682013089596	0.752496583622411	0.583301797540208	0.679558435187575	0.0859455481972038
82	729	310	5518	238	0.744548128039815	0.761274046042258	0.605618627141806	0.694632679069766	0.0806475349521707
82	721	343	5486	245	0.735959629753541	0.76219384000841	0.592999053926206	0.689049091698099	0.0865342163355408
82	728	321	5504	242	0.745243723967128	0.764085987595921	0.601513718070009	0.695360415890218	0.0828550404709345
82	721	320	5510	244	0.735725490196078	0.760406811731315	0.590576053821087	0.687284067416518	0.0830022075055188
83	729	337	5553	251	0.740124902419984	0.760293200249532	0.589737991266375	0.687377833229362	0.085589519650655
83	731	337	5557	245	0.740186915887851	0.763204408400915	0.593772093990435	0.689300364846217	0.0847161572052402
83	720	310	5584	256	0.758871417419427	0.750701809107923	0.596636514867956	0.690184597062327	0.0823871906841339
83	733	340	5556	241	0.736409657320872	0.764405281763361	0.591479517571221	0.688225202744854	0.084570596797671
83	710	306	5600	254	0.750679469901168	0.755068621334997	0.594380328550634	0.687148622847314	0.0815138282387191
83	718	338	5558	256	0.730229194481531	0.742280099812851	0.578207527552506	0.673841345457067	0.0864628820960699
83	727	320	5598	225	0.742519379844961	0.777942399667291	0.604725514660013	0.700232203507314	0.0793304221251819
83	735	311	5583	241	0.748693244739757	0.765699729673529	0.602500519858599	0.697060096623416	0.0803493449781659
83	740	350	5547	233	0.73376168224299	0.775213142025369	0.597816593886463	0.692938587370903	0.0848617176128093
83	723	304	5590	253	0.756192711826515	0.755640465793304	0.597062798918694	0.690761009974984	0.0810771470160116
84	729	335	5637	259	0.736877331577793	0.749384236453202	0.586068349753694	0.682155452306315	0.0853448275862069
84	732	316	5658	254	0.746720061022121	0.759195402298851	0.598096264367816	0.692898193760264	0.0818965517241379
84	727	335	5638	260	0.735378086419753	0.752976190476191	0.585483374384236	0.68030753968254	0.0854885057471264
84	732	320	5648	260	0.749652777777778	0.754233374384237	0.595361247947455	0.688596401204161	0.0833333333333333
84	735	340	5647	238	0.734920634920635	0.768601190476191	0.591661535303777	0.691685481663931	0.0830459770114943
84	741	336	5629	254	0.738979118329467	0.758184523809524	0.592667282430213	0.68687568418172	0.0847701149425287
84	726	323	5656	255	0.745458553791887	0.754346264367816	0.597783251231527	0.689551456685078	0.0830459770114943
84	720	307	5669	264	0.74781700208952	0.747588259441708	0.597311165845649	0.688154015524706	0.0820402298850575
84	734	328	5654	244	0.736899301004806	0.766984811165846	0.598891625615763	0.692471202169479	0.082183908045977
84	725	344	5635	256	0.732286821705427	0.751364942528736	0.584806034482759	0.678005268199234	0.0862068965517241
85	750	338	5710	252	0.733571428571429	0.758080040526849	0.589721377912867	0.684468699149551	0.0836879432624113
85	735	348	5705	262	0.724169943206641	0.743363728470111	0.572345491388044	0.669358938933408	0.0865248226950355
85	736	352	5711	251	0.7252176717188	0.762335359675785	0.581955420466059	0.681400478953671	0.085531914893617
85	758	342	5707	243	0.74103354978355	0.768115501519757	0.600501519756839	0.6938455988456	0.0829787234042553
85	734	328	5725	263	0.738078703703704	0.746200607902736	0.576519756838906	0.67161938534279	0.0838297872340426
85	742	345	5714	249	0.729835458210744	0.753242147922999	0.585273556231003	0.678583992839313	0.0842553191489362
85	740	325	5730	255	0.744826640333553	0.758434650455927	0.591251266464032	0.685833103067147	0.0822695035460993
85	752	329	5723	246	0.747184170471842	0.766236068895644	0.603080040526849	0.695645052347181	0.0815602836879433
85	752	349	5708	241	0.731981981981982	0.771909827760892	0.590633232016211	0.691180344478218	0.0836879432624113
85	732	362	5683	273	0.71931643625192	0.735207700101317	0.564148936170212	0.661339074636948	0.0900709219858156
86	741	325	5798	261	0.746147672552167	0.752731829573935	0.595649122807018	0.689386800334169	0.0822456140350877
86	757	355	5757	256	0.732030244530245	0.757749373433584	0.578671679197995	0.679496012759172	0.0857543859649123
86	743	329	5789	264	0.737565543071161	0.748877192982456	0.590250626566416	0.684664995822892	0.0832280701754386
86	750	353	5762	260	0.734793505502888	0.753714285714286	0.579583959899749	0.675143464722413	0.0860350877192982
86	747	324	5798	256	0.753363567649282	0.755714285714286	0.596661654135338	0.689712614870511	0.0814035087719298
86	746	333	5790	256	0.739074371321562	0.760701754385965	0.586957393483709	0.686323080428345	0.0826666666666667
86	743	357	5753	272	0.731292517006803	0.742556390977444	0.574280701754386	0.671727652464495	0.088280701754386
86	727	331	5794	273	0.732724505327246	0.737122807017544	0.575513784461153	0.669049289891396	0.0847719298245614
86	734	331	5788	272	0.737840909090909	0.741308270676692	0.581167919799499	0.674194425457584	0.0846315789473684
86	755	352	5764	254	0.73513369553638	0.762731829573935	0.594601503759399	0.689485987696515	0.0850526315789474
87	749	351	5849	266	0.733529536536218	0.756237006237006	0.586738936738937	0.682132732132734	0.0855162855162855
87	744	350	5842	279	0.730222222222222	0.746460746460747	0.580452430452431	0.677365277365278	0.0871794871794872
87	745	328	5877	265	0.748142216527867	0.753222453222453	0.592114642114642	0.685602685602686	0.0821898821898822
87	762	345	5845	263	0.733146905294557	0.753613503613504	0.588713988713989	0.681063531063532	0.0842688842688843
87	752	342	5856	265	0.740465537445403	0.756162756162756	0.588293238293238	0.684815634815635	0.0841302841302841
87	761	363	5830	261	0.720106405394016	0.754187704187704	0.579249579249579	0.676755376755377	0.0864864864864865
87	746	345	5845	279	0.730119581464873	0.741436491436491	0.577368577368577	0.672200772200773	0.0864864864864865
87	759	355	5849	252	0.727213131948815	0.767770517770518	0.590857340857341	0.688434088434089	0.0841302841302841
87	758	341	5858	258	0.741255605381166	0.758415008415009	0.588560538560539	0.682617232617234	0.083021483021483
87	762	366	5818	269	0.728811659192825	0.752524502524503	0.58007128007128	0.675037125037126	0.088011088011088
88	761	351	5906	272	0.737630662020906	0.750783852635705	0.581383499902019	0.6781311052916	0.0854595336076818
88	758	332	5936	264	0.750779510022272	0.754899078973153	0.592901234567901	0.687210137827423	0.081755829903978
88	763	364	5888	275	0.731765261170548	0.750269449343524	0.57908583186361	0.676189436991907	0.0876543209876543
88	750	343	5917	280	0.739134584791601	0.742847344699197	0.582779737409367	0.676022103182598	0.0854595336076818
88	763	344	5912	271	0.737739403453689	0.749926513815403	0.588139329805996	0.684498274930375	0.0843621399176955
88	751	345	5911	283	0.738027656477438	0.742381932196747	0.584700176366843	0.680965445162977	0.0861454046639232
88	758	345	5918	269	0.733849557522124	0.746325690770135	0.58250538898687	0.677010255405318	0.0842249657064472
88	757	358	5902	273	0.729380952380952	0.740206741132667	0.575538898687047	0.670188190867204	0.086556927297668
88	755	344	5919	272	0.734331116038433	0.744611013129532	0.579247501469723	0.674110000653211	0.0844993141289438
88	761	368	5895	266	0.731622998544396	0.759259259259259	0.585973936899863	0.684407864654779	0.0869684499314129
89	765	356	5968	291	0.736086637298091	0.736377274487031	0.575266163375919	0.669417021551168	0.0876693766937669
89	764	342	5997	277	0.730962800875273	0.743660472319009	0.578416569879985	0.673483675312944	0.0838753387533875
89	772	362	5973	273	0.732658214801072	0.751113046844754	0.584388308168796	0.68055452903014	0.0860433604336043
89	764	365	5974	277	0.726787022501308	0.749080526519551	0.577076074332172	0.673176157627378	0.0869918699186992
89	764	362	5977	277	0.729995841131213	0.74376209833527	0.580899148277197	0.674269847135701	0.0865853658536585
89	759	362	5981	278	0.722754210854648	0.743592721641502	0.574535423925668	0.669874118654607	0.0867208672086721
89	771	361	5971	277	0.732617491441021	0.749467673248161	0.581387921022067	0.67829514658783	0.086449864498645
89	750	353	5988	289	0.738418708240535	0.735699767711963	0.574182152535811	0.666747322235128	0.0869918699186992
89	765	342	5993	280	0.742454291911993	0.744846109175378	0.589909988385598	0.683601696406575	0.0842818428184282
89	768	362	5961	289	0.730230245944532	0.737567750677507	0.571927022841657	0.668075499477939	0.0882113821138211
90	757	334	6074	290	0.749973835688121	0.737070039283319	0.576013222190285	0.672639712176937	0.0837022132796781
90	773	369	6022	291	0.728561099060014	0.737855705662547	0.572899300565297	0.66984126984127	0.0885311871227364
90	757	355	6056	287	0.7324016563147	0.735680751173709	0.573483759701063	0.668645785245383	0.0861167002012073
90	776	363	6025	291	0.728752195021175	0.737017342148127	0.576228801379706	0.670419922130184	0.0877263581488934
90	760	362	6044	289	0.726543209876543	0.74137683242311	0.570317140940883	0.668764970777044	0.0873239436619718
90	761	361	6048	285	0.731542397660819	0.739867778097154	0.571490849861072	0.666807192360513	0.0866532528504359
90	773	365	6037	280	0.727548081867736	0.744897959183674	0.576430008623168	0.672603586889302	0.0865191146881288
90	784	341	6061	269	0.741971326164875	0.755796684871132	0.592919421289643	0.687841333716586	0.0818242790073776
90	763	348	6052	292	0.727133479212254	0.737520360256779	0.57652103094759	0.667932994794163	0.0858484238765929
90	770	363	6034	288	0.723757651208631	0.740303727124653	0.572271725591644	0.667433751135965	0.0873239436619718
91	778	359	6124	284	0.738770433546553	0.744296127993941	0.584123828457824	0.679017955757519	0.085222001325381
91	780	359	6122	284	0.731094527363185	0.742639401685127	0.575111237337878	0.673138083476056	0.085222001325381
91	785	346	6129	285	0.742265728561232	0.744296127993941	0.583967622834422	0.678067095263915	0.0836315440689198
91	789	364	6113	279	0.74010989010989	0.755064849001231	0.587617154217552	0.683344951933422	0.085222001325381
91	779	360	6120	286	0.723627152988855	0.74439553157247	0.580029347723184	0.675208059005276	0.0856196156394964
91	772	369	6120	284	0.725350742447517	0.742639401685128	0.571409637413614	0.668653734160694	0.0865473823724321
91	773	361	6121	290	0.72163426925846	0.733693079617533	0.567490296317334	0.662794660607782	0.0862823061630219
91	773	366	6109	297	0.730655401945725	0.737503550127805	0.572403673198902	0.669680904472157	0.0878727634194831
91	784	381	6095	285	0.720417551309272	0.745886585250402	0.571433304932311	0.671016756603238	0.0882703777335984
91	779	370	6113	283	0.731033262561925	0.745787181671874	0.579750071002556	0.676024803559595	0.0865473823724321
92	792	348	6196	284	0.74989406779661	0.74632077240345	0.592875890513686	0.685381514810649	0.0829396325459318
92	786	349	6200	285	0.74209219858156	0.741071428571429	0.581622609673791	0.676359205099363	0.0832020997375328
92	777	339	6196	308	0.747435111383609	0.72876827896513	0.580713348331459	0.671575996182296	0.0849081364829396
92	797	382	6153	288	0.726135222021299	0.747469066366704	0.575759280089989	0.673874146413518	0.0879265091863517
92	782	364	6185	289	0.736662631154157	0.746648856392951	0.584420697412823	0.679317216029815	0.0856955380577428
92	786	373	6170	291	0.727658393866021	0.739595050618673	0.57362673415823	0.670044937564623	0.0871391076115486
92	783	365	6179	293	0.72984496124031	0.741990063742033	0.573584551931009	0.671314523184604	0.0863517060367454
92	781	359	6172	308	0.735856432125089	0.730244656917885	0.569319460067492	0.66633389576303	0.0875328083989501
92	787	370	6174	289	0.726271186440678	0.741563554555681	0.576209223847019	0.671644169478815	0.0864829396325459
92	778	350	6192	300	0.740277777777778	0.731163292088489	0.572633108361455	0.669211661042371	0.0853018372703412
93	782	360	6265	303	0.734648187633262	0.734463590883825	0.569937002038169	0.665366561670065	0.0859922178988327
93	794	365	6256	295	0.730982019363762	0.74458495460441	0.579442282749675	0.676715459205733	0.0856031128404669
93	796	357	6259	298	0.740919158361019	0.739878636279415	0.578506577728367	0.672628873504361	0.0849546044098573
93	798	374	6242	296	0.729401530967293	0.744904576616639	0.577589401519362	0.674167747514053	0.0869001297016861
93	786	368	6252	304	0.73515406162465	0.733815082453215	0.574740596627756	0.669966339324317	0.08715953307393
93	796	358	6259	297	0.746481876332622	0.738257365202891	0.580021308134148	0.673361744178866	0.0849546044098573
93	793	372	6254	291	0.733437717466945	0.742148415786548	0.57606540670743	0.672568093385215	0.0859922178988327
93	780	348	6269	313	0.745283687943263	0.726357235501204	0.573795627200296	0.667358408992651	0.0857328145265888
93	799	378	6237	296	0.728134920634921	0.741337780248286	0.579025384472855	0.67327738193497	0.0874189364461738
93	800	373	6244	293	0.733194733194733	0.744742449508987	0.581058921623124	0.676445247359645	0.0863813229571984
94	796	376	6313	300	0.728596127247579	0.737085971190018	0.57430498210845	0.668601094901674	0.0868336544637123
94	800	361	6322	302	0.743784722222223	0.737888797137352	0.581401963482888	0.675185796862098	0.0851637764932563
94	804	365	6320	296	0.736931874198955	0.740778970547757	0.580645013303973	0.675990708071634	0.0849068721901092
94	802	373	6305	305	0.729054520358868	0.73445270208276	0.575172034131571	0.669952900877757	0.0870905587668593
94	794	355	6333	303	0.73641427585527	0.737989723827875	0.579585283053491	0.674840755476595	0.0845215157353886
94	801	380	6301	303	0.726832641770401	0.738209927516286	0.57032296540967	0.66844664648133	0.087732819524727
94	806	367	6314	298	0.737002743484225	0.742545187631893	0.585769336636389	0.679314616019819	0.0854206807964033
94	805	366	6316	298	0.736323136323136	0.738852188274154	0.580833103954491	0.674707715748179	0.0852922286448298
94	797	373	6310	305	0.728312412831242	0.736122580053216	0.57173593907698	0.666200263021073	0.0870905587668593
94	798	362	6322	303	0.736604683195592	0.738209927516286	0.582943389301771	0.674811144753343	0.0854206807964033
95	805	389	6375	306	0.724308203774323	0.737804988662132	0.569337868480725	0.665531917817633	0.0882539682539683
95	809	380	6383	303	0.731629175187458	0.740408163265307	0.574757369614512	0.672225932797363	0.0867301587301587
95	798	381	6383	313	0.724112021857924	0.730566893424037	0.56621768707483	0.663284958427817	0.0881269841269841
95	809	364	6395	307	0.744340924775708	0.737170068027211	0.578630385487529	0.674343159486018	0.0852063492063492
95	808	391	6367	309	0.723428961748635	0.735646258503402	0.567043083900227	0.665606953892669	0.0888888888888889
95	807	380	6378	310	0.730922865013775	0.731678004535148	0.570693877551021	0.665193430907718	0.0876190476190476
95	803	374	6387	311	0.730000000000001	0.729297052154195	0.568820861678005	0.664539682539684	0.086984126984127
95	803	374	6389	309	0.734123711340206	0.731995464852608	0.573487528344671	0.668134542705972	0.0867301587301587
95	816	376	6380	303	0.738041237113402	0.738979591836735	0.577551020408163	0.672965986394559	0.0862222222222222
95	800	368	6386	321	0.731645381645382	0.72374149659864	0.568004535147392	0.661525870954443	0.0874920634920635
96	801	363	6463	323	0.738109965635738	0.724303683737646	0.569492362982929	0.662273135669363	0.0862893081761006
96	809	381	6447	313	0.732441700960219	0.732322551662175	0.571253369272237	0.665437256663673	0.0872955974842767
96	809	378	6452	311	0.727616108171664	0.730907457322551	0.570790655884996	0.663197609518365	0.0866666666666667
96	809	386	6436	319	0.728120713305898	0.728391734052112	0.566945193171608	0.661774483378258	0.0886792452830189
96	811	378	6442	319	0.730684584672315	0.726190476190476	0.568620844564241	0.663196112064038	0.0876729559748428
96	813	390	6434	313	0.723541178766589	0.733265947888589	0.566891284815813	0.663019412453375	0.0884276729559748
96	814	375	6453	308	0.733682475026671	0.735467205750225	0.576734052111411	0.670232649949632	0.0859119496855346
96	810	384	6438	318	0.729489036994108	0.732888589398024	0.57296046720575	0.669382095891531	0.0883018867924528
96	810	370	6455	315	0.737330801441231	0.732951482479784	0.577677448337826	0.670141305235646	0.0861635220125786
96	822	381	6448	299	0.731015037593986	0.745844564240791	0.581329739442947	0.675473740096382	0.0855345911949685
97	832	374	6525	309	0.741164658634538	0.741071428571429	0.583017945984364	0.6770359511964	0.0849502487562189
97	823	390	6512	315	0.732135671169877	0.733453269367449	0.57239250177683	0.667731822489286	0.0876865671641791
97	817	369	6532	322	0.742765382014875	0.728478144989339	0.575608564321251	0.668735193082209	0.0859452736318408
97	812	392	6513	323	0.728091397849463	0.726457000710732	0.567315209665956	0.662288261075575	0.0889303482587065
97	822	380	6520	318	0.733875338753388	0.732675906183369	0.571082089552239	0.66596037668799	0.0868159203980099
97	824	388	6516	312	0.729134459394981	0.735789800995025	0.572241471215352	0.668753499816933	0.0870646766169154
97	826	378	6521	315	0.734744623655914	0.73376421464108	0.576332622601279	0.670464641080313	0.0861940298507463
97	819	384	6523	314	0.728696488696489	0.735318941009239	0.572516879886283	0.667386821304733	0.0868159203980099
97	819	386	6514	321	0.730214621059691	0.731587597725657	0.572165955934612	0.667008706467663	0.0879353233830846
97	825	377	6530	308	0.739507422402159	0.739205756929637	0.577918443496802	0.672753790570955	0.0851990049751244
98	809	374	6598	334	0.737276341948311	0.722515623624681	0.572084323563067	0.666267640759324	0.0872458410351201
98	829	387	6581	318	0.735912698412699	0.735608661209401	0.576767009946308	0.672336648769181	0.0868761552680222
98	829	381	6583	322	0.736855060115498	0.733144089428748	0.575820790423378	0.671690898955225	0.0866296980899569
98	833	374	6592	316	0.741467463479416	0.7356086612094	0.580617903353578	0.674387524572368	0.0850277264325323
98	817	383	6587	328	0.730605455755157	0.728567027550392	0.570064254907139	0.664809169060557	0.0876155268022181
98	828	391	6577	319	0.729483889364129	0.733144089428747	0.571912683742628	0.666501428331373	0.0874922982131855
98	825	378	6588	324	0.736526946107785	0.730217410439222	0.575165038288883	0.669352756506177	0.0865064695009242
98	828	383	6582	322	0.7342	0.730987589120676	0.573532259484201	0.667631957280757	0.0868761552680222
98	823	382	6586	324	0.7303	0.72990933896664	0.572176745004841	0.665799665522402	0.0869993838570548
98	833	390	6576	316	0.728835978835979	0.736686911363436	0.577259924302438	0.67099873837397	0.0869993838570548
99	836	380	6662	327	0.737442472057857	0.73037346565683	0.576656220074867	0.67054786570326	0.0861669713589275
99	830	381	6665	329	0.734920634920635	0.727844519892052	0.5721163053887	0.665504483328982	0.0865326020719074
99	840	391	6656	318	0.735775335775336	0.736985287716549	0.57955950204579	0.672868407237695	0.0864107251675807
99	834	379	6664	328	0.742391304347826	0.730891442500218	0.57744841995299	0.670794521342969	0.0861669713589275
99	840	394	6649	322	0.732591036414566	0.733786018977975	0.573435187603378	0.669986888999687	0.0872638634978671
99	837	378	6664	326	0.737935883014623	0.732719596065117	0.577639940802646	0.671706223900009	0.0858013406459476
99	839	388	6655	323	0.735597112860892	0.734852441890833	0.577509358405154	0.672029250457039	0.086654478976234
99	840	388	6654	323	0.735203412073491	0.734090711238792	0.576442935492296	0.670681349931808	0.086654478976234
99	832	381	6663	329	0.73746719160105	0.729520327326543	0.576625750848786	0.670215606047418	0.0865326020719074
99	840	395	6647	323	0.737598425196851	0.736528249325325	0.578092626447288	0.6733524854183	0.0875076173065204
